5 62 16
12 42 43
1 0 30
x
x
8 53 3
x
1 9 3
1 11 10
x
7 53 1
0 61 22
x
9 75 29
8 92 40
11 64 25
12 3 14
9 7 26
14 88 35
3 65 14
12 10 11
x
x
4 29 32
2 7 30
10 64 21
x
x
4 45 29
1 60 0
15 9 30
3 77 1
7 75 24
1 69 16
15 84 0
13 38 8
x
4 83 7
5 0 19
x
x
9 78 0
x
10 96 38
8 70 9
11 46 13
11 73 40
x
4 97 7
6 42 38
5 12 40
6 99 4
10 9 30
10 37 19
13 5 16
13 8 16
12 13 31
1 85 34
10 93 23
0 64 36
8 58 38
4 39 4
2 90 6
4 43 39
x
11 11 5
10 44 25
9 66 31
x
10 56 18
9 90 17
x
14 95 24
x
x
0 72 1
x
11 52 0
8 40 20
12 72 28
3 89 7
x
8 78 12
6 18 17
5 25 32
x
12 0 17
x
13 10 29
11 53 36
10 67 3
14 61 20
8 66 17
7 93 20
13 18 13
13 67 27
x
x
0 37 11
6 38 16
6 34 23
12 4 21
6 92 6
8 72 41
x
8 18 13
6 48 29
0 69 27
x
15 21 39
2 12 12
8 5 22
3 34 13
4 0 6
15 37 42
4 21 14
11 16 17
7 88 14
x
1 49 42
9 83 4
x
0 52 2
9 24 13
2 74 28
3 12 11
13 87 19
x
2 20 11
7 81 7
x
3 63 42
0 94 39
4 73 4
2 46 41
12 84 15
13 46 19
12 80 21
x
11 28 19
10 65 6
2 53 6
4 85 42
x
10 18 10
3 82 41
15 79 15
0 41 11
7 21 44
2 79 13
12 35 9
14 18 1
8 88 15
12 76 23
4 75 42
7 43 27
x
4 51 20
8 33 39
12 26 18
0 7 27
4 64 39
x
1 31 0
2 41 26
13 96 28
1 62 44
x
14 75 9
1 26 18
x
4 88 14
9 35 41
10 63 5
x
x
10 0 16
14 99 3
11 79 11
14 49 19
1 34 31
15 32 19
4 79 41
2 84 9
2 87 40
6 82 41
15 5 26
5 5 18
6 76 26
x
7 19 25
9 43 27
15 30 22
10 27 24
8 97 12
10 60 43
6 97 8
9 53 44
13 79 31
5 39 24
9 88 25
11 92 3
13 19 26
10 89 41
x
6 36 24
3 71 1
13 12 2
3 17 20
8 99 20
5 43 19
x
x
x
7 17 0
10 49 22
3 92 5
0 87 41
x
13 28 7
7 35 37
7 29 43
7 37 33
x
x
5 96 22
3 47 16
x
12 21 25
10 5 26
x
12 88 34
0 3 44
4 41 17
14 3 16
x
14 11 0
x
11 5 35
15 96 36
8 73 23
6 13 30
x
14 44 28
6 28 2
6 25 25
1 90 27
10 31 1
9 93 18
11 23 8
15 74 27
9 19 11
4 49 43
5 45 19
12 30 36
15 7 3
14 57 3
6 20 35
x
x
5 29 15
13 42 12
11 96 14
x
7 27 29
2 96 33
11 49 8
11 18 29
1 2 24
6 86 31
x
12 87 24
x
14 9 25
5 33 4
5 67 43
x
8 47 37
8 77 1
11 44 30
9 97 14
10 55 43
2 67 14
1 4 35
12 92 31
14 54 13
0 81 9
x
x
0 99 33
11 58 4
11 22 15
0 43 34
14 0 35
6 70 4
8 0 32
8 75 23
5 88 7
x
14 36 11
x
x
1 28 37
3 50 27
8 22 10
6 59 18
4 92 36
6 88 20
2 62 21
5 59 17
15 44 2
x
5 81 39
15 51 34
12 29 9
0 30 37
6 15 1
x
8 63 34
x
3 24 39
0 0 16
15 86 37
x
6 50 7
7 2 8
11 15 15
8 26 16
2 60 44
12 39 20
14 39 20
2 56 19
13 0 40
6 45 28
4 57 13
4 16 10
15 67 23
11 68 20
4 24 17
14 25 23
0 11 3
0 15 0
11 0 26
x
0 56 4
15 42 29
13 56 30
9 47 23
6 62 11
10 94 33
2 43 1
3 53 13
13 62 33
13 36 32
12 67 18
7 47 23
15 91 5
12 47 34
7 83 28
7 9 30
5 52 38
14 4 44
8 82 13
13 83 34
11 40 15
12 37 2
9 37 22
9 29 43
12 79 14
4 69 21
7 0 44
14 70 42
x
8 30 25
1 80 12
10 79 6
12 81 2
15 12 28
9 73 35
14 78 37
10 40 9
2 15 38
4 34 35
15 49 10
10 85 44
x
1 76 4
5 54 32
x
3 67 44
5 64 10
x
2 92 44
9 63 2
9 4 5
x
10 77 33
x
x
x
x
1 64 33
x
14 15 5
12 59 5
3 14 22
x
5 27 1
10 83 15
12 69 26
2 29 7
1 44 43
13 69 22
x
12 31 38
x
15 26 29
6 73 3
8 49 43
8 14 31
8 9 18
10 11 31
12 6 24
14 28 43
15 66 38
x
11 43 16
3 19 37
3 29 33
13 16 23
10 24 7
2 25 15
14 38 12
9 45 7
6 54 21
4 11 19
11 35 27
x
12 18 10
12 96 22
3 0 43
x
x
9 58 8
x
11 21 10
1 95 8
x
2 31 5
x
x
6 67 37
11 31 38
5 78 30
7 33 33
8 90 35
2 70 22
13 24 16
1 20 14
x
1 14 26
14 31 12
7 98 7
9 96 12
2 0 39
5 84 23
11 63 10
9 71 29
x
x
9 12 34
13 25 30
x
x
13 54 0
9 46 16
x
4 59 38
6 3 32
11 87 13
7 69 27
3 95 30
x
0 20 26
10 47 27
0 25 24
7 59 21
3 36 29
6 79 5
7 72 15
x
x
3 98 15
13 88 17
10 72 12
13 75 34
13 74 20
5 73 6
8 36 14
0 23 35
14 55 36
9 14 16
3 56 6
3 38 24
14 66 26
12 51 15
x
5 19 28
1 73 6
7 6 34
9 41 12
8 84 29
6 8 15
8 42 0
0 92 1
1 18 22
x
0 74 20
15 70 17
9 48 32
15 0 40
9 31 1
10 16 35
15 61 21
11 72 29
14 64 1
10 8 36
5 70 38
9 22 40
12 58 30
7 79 5
13 72 3
4 5 3
x
x
2 49 10
10 6 4
11 84 24
9 17 23
6 6 37
9 20 2
7 14 18
5 37 10
x
2 98 33
12 90 28
x
x
5 23 9
0 17 32
x
x
10 78 17
3 42 6
5 93 5
x
11 77 34
1 55 2
13 49 36
14 87 21
4 9 43
0 48 13
12 8 36
7 57 36
x
5 49 0
7 77 25
3 7 35
15 98 18
13 47 11
12 52 29
14 62 44
3 86 20
7 23 11
13 31 21
10 51 8
12 62 27
x
15 15 32
x
1 23 25
x
x
3 58 42
1 40 17
0 84 13
3 73 12
5 16 25
7 65 31
6 0 25
x
2 36 25
9 0 9
x
11 60 0
5 9 19
13 85 8
14 67 33
14 92 34
x
0 9 42
7 41 34
14 83 18
13 91 41
7 50 36
15 54 22
11 88 9
7 62 2
12 56 21
3 3 8
14 21 41
15 57 9
13 59 11
15 18 13
0 79 4
1 7 7
0 34 14
x
x
2 3 24
x
10 58 5
11 10 4
12 25 30
4 53 37
