13 62 32
0 87 35
9 62 15
x
x
3 53 2
x
14 95 1
8 23 41
x
8 92 8
6 97 19
x
8 78 20
10 28 21
12 20 11
5 37 7
12 51 34
1 16 18
13 40 27
1 10 35
x
x
12 72 21
15 46 43
5 32 20
x
x
5 33 10
9 22 37
10 68 16
13 21 35
0 8 14
14 50 25
3 0 15
12 81 44
x
2 58 9
6 94 29
x
14 81 24
2 77 42
8 99 38
14 34 13
1 69 26
0 20 25
1 28 7
x
0 26 13
8 52 19
6 90 6
10 91 40
2 18 34
13 17 4
6 67 22
7 79 3
6 43 14
2 24 10
7 82 33
14 54 40
3 78 42
14 74 42
3 73 34
0 46 29
15 91 22
8 42 44
1 13 8
15 84 9
x
15 4 15
0 65 20
x
2 9 25
x
x
3 16 26
0 79 19
0 45 9
13 75 44
11 73 43
4 83 15
x
2 87 18
5 53 15
3 67 3
x
14 28 14
x
10 37 23
9 79 21
4 34 5
11 14 6
13 84 18
13 35 17
13 69 4
12 47 30
x
x
7 16 5
9 9 12
13 89 19
6 70 7
13 64 42
3 63 31
x
0 56 31
9 71 11
1 5 16
x
3 83 40
1 88 14
x
8 39 3
12 22 6
13 12 28
14 0 29
1 26 4
11 84 18
x
10 0 39
3 95 6
x
6 48 1
2 62 6
14 45 33
9 27 27
14 89 15
x
5 59 31
9 7 13
x
9 61 42
14 64 28
2 36 30
9 96 20
2 44 8
13 77 12
12 88 30
x
1 32 0
15 54 30
7 35 34
2 74 9
x
7 41 7
10 24 12
12 56 27
11 77 33
5 81 44
5 39 32
14 77 21
2 5 35
x
12 4 37
10 5 17
12 96 1
x
4 69 2
15 12 24
5 78 13
10 9 18
15 37 33
x
3 8 20
9 75 34
14 59 9
12 30 9
6 89 39
5 75 30
13 61 7
x
4 65 11
13 98 25
3 17 29
x
x
6 34 12
5 99 38
12 15 26
14 21 36
6 23 3
12 67 40
7 12 9
14 31 30
11 97 26
15 57 0
14 75 39
8 9 7
2 40 19
x
7 31 23
3 29 26
7 58 36
8 30 12
7 94 6
12 7 13
2 16 13
14 90 23
2 49 36
9 52 25
10 81 8
2 0 2
13 70 8
7 69 27
2 30 0
12 49 35
6 6 21
1 62 25
6 31 7
7 83 0
1 77 40
x
x
x
11 15 39
8 87 1
13 19 27
10 56 44
x
6 72 8
13 95 43
11 31 41
5 22 6
x
11 63 21
10 61 14
11 58 34
x
3 2 9
1 23 41
x
1 47 17
6 63 4
15 89 25
5 91 12
x
11 0 23
x
4 45 21
9 90 2
9 59 10
2 12 24
x
3 38 36
15 32 32
9 84 19
5 5 34
0 29 3
11 28 30
1 42 13
13 56 38
2 23 32
8 89 35
13 8 24
4 22 27
9 73 17
0 68 15
6 84 33
x
x
13 28 5
15 19 41
8 26 0
x
5 94 16
4 19 43
8 75 15
11 47 44
2 38 15
2 21 32
5 93 23
12 90 33
x
0 96 5
0 92 32
11 35 25
10 16 36
x
14 26 21
3 92 11
15 70 44
3 48 8
4 97 26
7 38 16
x
1 25 12
9 24 30
x
x
4 21 6
1 3 15
2 72 32
5 55 3
13 53 0
9 56 16
11 89 28
8 40 13
7 62 41
x
7 87 15
x
x
1 70 22
13 41 14
5 84 41
13 0 22
4 58 33
10 83 26
7 53 35
10 92 43
12 62 39
x
8 46 22
4 24 22
1 38 33
1 96 32
11 60 13
x
3 11 5
x
4 29 38
11 55 29
11 68 17
x
11 22 11
7 24 17
13 88 4
5 71 19
1 76 2
9 13 8
15 61 5
15 42 13
9 29 38
1 35 24
2 14 11
9 2 35
8 58 31
5 10 35
7 84 12
0 4 44
0 0 10
9 77 8
9 34 14
x
7 46 2
x
12 42 22
3 65 24
11 5 8
0 39 6
5 96 0
15 73 20
3 19 28
15 81 19
10 79 1
15 51 37
1 78 34
7 0 25
10 18 10
14 16 20
1 40 20
10 40 31
2 43 38
15 6 1
5 88 1
12 85 24
8 19 18
6 56 34
2 29 37
11 18 10
13 49 15
15 76 40
x
5 0 25
7 89 42
4 41 8
7 73 20
4 76 19
7 78 40
14 3 27
0 52 26
13 43 39
8 34 29
0 15 16
6 39 23
x
15 23 17
6 13 32
x
5 67 2
14 38 5
x
13 91 13
x
8 64 24
x
0 41 18
10 87 22
x
7 28 11
x
11 79 40
x
9 19 1
10 65 24
11 38 24
x
11 45 20
12 60 16
3 24 37
9 87 43
11 41 1
11 94 22
x
12 77 20
6 76 43
15 0 29
8 55 10
0 34 41
15 66 26
0 74 36
6 18 36
1 73 19
10 45 20
2 20 41
x
2 4 37
4 50 9
8 1 42
13 51 1
15 9 11
3 31 25
7 33 3
11 26 20
4 0 4
10 49 28
3 58 27
x
13 32 16
14 12 31
8 13 30
x
x
2 82 12
x
13 26 10
3 43 10
x
4 11 24
x
x
7 97 22
0 11 4
3 75 44
7 8 6
9 64 28
0 17 37
2 47 17
7 9 37
x
2 96 27
2 67 5
9 98 7
8 6 34
1 58 43
15 96 18
13 97 10
x
x
x
3 27 16
x
x
x
2 8 30
4 75 14
x
15 15 16
x
6 32 25
6 60 0
4 5 35
x
4 8 31
8 0 10
14 69 12
4 16 37
8 82 36
5 29 24
1 66 31
x
x
0 6 29
5 26 43
11 50 9
0 23 34
1 75 6
0 60 17
14 85 41
7 51 0
12 45 35
8 84 16
4 79 36
9 48 0
1 24 4
8 81 26
x
14 8 7
8 61 5
1 55 44
12 94 18
0 83 7
12 36 4
1 83 3
11 12 33
10 54 34
x
6 0 26
5 18 18
6 8 38
7 19 39
4 86 29
4 39 41
13 79 34
11 65 32
6 58 37
1 46 42
4 55 13
7 81 38
11 64 12
10 14 27
0 43 5
10 96 7
x
x
10 71 37
7 76 1
8 16 25
14 79 16
3 36 3
9 0 31
12 27 19
11 4 14
x
2 34 38
8 96 23
x
x
4 92 16
4 80 30
x
x
0 38 42
9 66 3
7 66 19
x
8 97 2
9 43 23
2 53 21
14 99 4
3 14 0
3 69 13
3 50 31
x
x
5 45 29
12 92 43
2 91 39
x
2 60 17
8 67 14
14 97 0
5 64 11
7 4 44
12 10 3
4 71 18
13 3 36
x
7 59 13
x
6 81 16
x
x
1 91 38
10 75 30
0 48 43
9 15 33
6 28 27
8 48 43
x
x
5 48 5
14 41 11
12 87 36
4 94 1
x
0 98 39
1 20 5
8 72 11
x
8 7 23
7 95 29
15 27 4
1 49 27
x
1 8 1
9 92 22
10 11 29
4 90 44
6 52 2
12 0 23
5 14 14
10 33 0
9 39 24
x
11 10 15
1 0 11
x
x
12 32 2
x
3 6 22
4 64 28
0 72 9
3 88 23
